0 10000000 7 4 3
1 10000000 5 6 3
10 10000000 8 3 5
100 10000000 6 4 7
101 10000000 3 2 4
102 10000000 3 2 0
103 10000000 5 6 3
104 10000000 0 6 3
105 10000000 5 0 4
106 10000000 2 0 4
107 10000000 6 2 1
108 10000000 8 0 2
109 10000000 1 5 4
11 10000000 4 1 6
110 10000000 8 2 3
111 10000000 4 1 8
112 10000000 4 2 1
113 10000000 6 3 2
114 10000000 0 5 6
115 10000000 3 6 0
116 10000000 8 2 5
117 10000000 8 6 1
118 10000000 5 3 6
119 10000000 0 6 8
12 10000000 5 4 8
120 10000000 4 5 3
121 10000000 2 4 0
122 10000000 8 2 6
123 10000000 8 1 2
124 10000000 3 7 8
125 10000000 2 8 5
126 10000000 6 7 0
127 10000000 7 8 4
128 10000000 6 2 4
129 10000000 6 2 3
13 10000000 2 1 0
130 10000000 2 5 0
131 10000000 4 3 1
132 10000000 7 4 2
133 10000000 2 0 8
134 10000000 1 3 8
135 10000000 1 8 4
136 10000000 8 0 1
137 10000000 6 3 1
138 10000000 8 4 7
139 10000000 2 6 8
14 10000000 8 4 7
140 10000000 7 3 4
141 10000000 2 4 7
142 10000000 6 8 1
143 10000000 7 5 3
144 10000000 5 0 3
145 10000000 2 3 1
146 10000000 8 4 6
147 10000000 2 0 8
148 10000000 7 1 2
149 10000000 2 6 4
15 10000000 2 5 0
150 10000000 8 6 0
151 10000000 4 7 8
152 10000000 0 4 5
153 10000000 0 2 3
154 10000000 8 6 1
155 10000000 5 8 3
156 10000000 5 0 4
157 10000000 6 1 8
158 10000000 7 8 3
159 10000000 7 1 6
16 10000000 4 1 5
160 10000000 2 0 5
161 10000000 1 3 6
162 10000000 0 6 3
163 10000000 4 5 1
164 10000000 0 7 5
165 10000000 2 3 4
166 10000000 3 7 8
167 10000000 4 3 2
168 10000000 0 5 1
169 10000000 1 5 3
17 10000000 5 3 2
170 10000000 2 7 5
171 10000000 2 5 0
172 10000000 3 0 1
173 10000000 5 8 7
174 10000000 7 3 4
175 10000000 1 4 2
176 10000000 0 1 7
177 10000000 4 8 7
178 10000000 0 3 8
179 10000000 4 2 1
18 10000000 6 1 2
180 10000000 4 7 1
181 10000000 1 8 6
182 10000000 5 2 6
183 10000000 0 4 6
184 10000000 3 4 5
185 10000000 4 6 1
186 10000000 6 5 4
187 10000000 7 6 3
188 10000000 8 2 7
189 10000000 5 2 3
19 10000000 1 6 7
190 10000000 6 3 5
191 10000000 3 0 5
192 10000000 5 1 8
193 10000000 4 0 1
194 10000000 8 7 1
195 10000000 6 2 4
196 10000000 3 8 6
197 10000000 1 4 5
198 10000000 1 6 2
199 10000000 0 4 5
2 10000000 6 1 8
20 10000000 5 6 1
200 10000000 2 1 3
201 10000000 8 3 0
202 10000000 4 1 7
203 10000000 6 0 1
204 10000000 7 5 6
205 10000000 6 3 5
206 10000000 7 6 3
207 10000000 5 6 8
208 10000000 1 2 0
209 10000000 8 3 2
21 10000000 7 6 8
210 10000000 2 5 7
211 10000000 0 1 4
212 10000000 5 3 7
213 10000000 5 1 3
214 10000000 7 2 5
215 10000000 5 0 3
216 10000000 2 7 1
217 10000000 1 8 5
218 10000000 4 3 5
219 10000000 6 1 7
22 10000000 4 7 3
220 10000000 3 8 0
221 10000000 0 1 6
222 10000000 6 7 2
223 10000000 7 6 1
224 10000000 6 1 2
225 10000000 3 0 6
226 10000000 5 0 3
227 10000000 3 6 2
228 10000000 0 6 7
229 10000000 2 6 4
23 10000000 6 0 1
230 10000000 3 4 0
231 10000000 7 5 4
232 10000000 3 0 1
233 10000000 2 1 3
234 10000000 0 1 4
235 10000000 7 1 8
236 10000000 4 8 0
237 10000000 4 3 0
238 10000000 8 2 5
239 10000000 8 2 7
24 10000000 8 1 3
240 10000000 4 6 3
241 10000000 8 1 3
242 10000000 2 5 7
243 10000000 3 4 0
244 10000000 0 1 5
245 10000000 1 2 0
246 10000000 5 1 4
247 10000000 3 6 5
248 10000000 0 2 8
249 10000000 5 8 3
25 10000000 3 2 7
250 10000000 5 6 7
251 10000000 3 8 1
252 10000000 8 1 3
253 10000000 7 5 0
254 10000000 5 3 8
255 10000000 8 5 3
256 10000000 0 6 3
257 10000000 6 0 3
258 10000000 4 3 0
259 10000000 6 1 0
26 10000000 0 5 8
260 10000000 6 3 1
261 10000000 6 1 0
262 10000000 4 7 0
263 10000000 3 7 5
264 10000000 1 0 7
265 10000000 0 7 2
266 10000000 5 0 1
267 10000000 8 7 6
268 10000000 3 8 5
269 10000000 0 6 8
27 10000000 0 1 7
270 10000000 8 6 3
271 10000000 2 3 8
272 10000000 6 2 4
273 10000000 7 2 3
274 10000000 0 7 8
275 10000000 3 5 2
276 10000000 1 4 0
277 10000000 8 7 1
278 10000000 1 8 7
279 10000000 2 3 6
28 10000000 4 8 3
280 10000000 4 3 6
281 10000000 1 5 2
282 10000000 6 2 7
283 10000000 6 2 3
284 10000000 0 6 4
285 10000000 0 3 5
286 10000000 1 0 6
287 10000000 7 5 2
288 10000000 0 1 8
289 10000000 2 7 5
29 10000000 1 7 6
290 10000000 0 1 3
291 10000000 6 0 1
292 10000000 3 4 6
293 10000000 5 3 6
294 10000000 2 3 7
295 10000000 4 0 1
296 10000000 4 6 2
297 10000000 0 1 6
298 10000000 4 0 6
299 10000000 4 5 2
3 10000000 6 5 2
30 10000000 6 7 8
300 10000000 3 6 1
301 10000000 3 7 0
302 10000000 5 0 1
303 10000000 6 3 5
304 10000000 8 0 6
305 10000000 1 5 0
306 10000000 6 8 7
307 10000000 1 7 4
308 10000000 4 2 5
309 10000000 3 4 1
31 10000000 4 3 5
310 10000000 3 7 2
311 10000000 3 6 2
312 10000000 2 5 1
313 10000000 4 5 6
314 10000000 0 2 1
315 10000000 0 1 4
316 10000000 4 3 8
317 10000000 5 0 4
318 10000000 7 0 5
319 10000000 2 1 7
32 10000000 3 2 4
320 10000000 4 5 7
321 10000000 8 4 3
322 10000000 6 1 8
323 10000000 8 1 7
324 10000000 8 5 7
325 10000000 1 4 6
326 10000000 5 8 3
327 10000000 5 3 8
328 10000000 5 7 3
329 10000000 2 8 0
33 10000000 0 7 2
330 10000000 6 3 4
331 10000000 0 3 5
332 10000000 7 4 5
333 10000000 5 8 2
334 10000000 0 6 7
335 10000000 2 8 5
336 10000000 3 0 5
337 10000000 1 6 2
338 10000000 0 6 3
339 10000000 0 5 7
34 10000000 6 0 3
340 10000000 3 0 6
341 10000000 3 5 1
342 10000000 5 2 0
343 10000000 2 5 0
344 10000000 6 4 0
345 10000000 3 0 7
346 10000000 5 1 4
347 10000000 0 3 4
348 10000000 5 4 7
349 10000000 8 5 4
35 10000000 7 5 1
350 10000000 3 4 8
351 10000000 2 0 7
352 10000000 0 8 2
353 10000000 3 5 1
354 10000000 2 8 0
355 10000000 2 3 4
356 10000000 3 6 5
357 10000000 0 4 2
358 10000000 7 1 8
359 10000000 4 1 0
36 10000000 1 8 6
360 10000000 5 1 8
361 10000000 3 2 0
362 10000000 4 2 5
363 10000000 6 2 4
364 10000000 8 4 2
365 10000000 8 1 2
366 10000000 7 1 5
367 10000000 0 6 1
368 10000000 0 1 5
369 10000000 5 0 8
37 10000000 0 6 7
370 10000000 0 4 5
371 10000000 6 4 3
372 10000000 7 2 6
373 10000000 7 4 3
374 10000000 7 3 6
375 10000000 7 1 6
376 10000000 7 3 5
377 10000000 0 4 2
378 10000000 6 5 2
379 10000000 6 3 1
38 10000000 6 3 2
380 10000000 8 5 6
381 10000000 1 8 2
382 10000000 4 3 0
383 10000000 7 2 1
384 10000000 5 4 7
385 10000000 8 1 0
386 10000000 1 7 8
387 10000000 8 6 7
388 10000000 1 4 2
389 10000000 5 2 0
39 10000000 2 4 6
390 10000000 0 1 3
391 10000000 4 8 7
392 10000000 0 7 8
393 10000000 5 0 7
394 10000000 6 0 2
395 10000000 3 8 4
396 10000000 0 7 8
397 10000000 7 8 1
398 10000000 6 1 7
399 10000000 8 6 5
4 10000000 8 4 2
40 10000000 7 4 0
400 10000000 4 3 2
401 10000000 1 4 8
402 10000000 7 3 6
403 10000000 7 2 8
404 10000000 8 3 4
405 10000000 4 8 7
406 10000000 7 5 0
407 10000000 5 0 8
408 10000000 2 4 3
409 10000000 8 3 7
41 10000000 1 5 0
410 10000000 4 3 2
411 10000000 8 2 5
412 10000000 2 5 3
413 10000000 6 0 1
414 10000000 7 1 8
415 10000000 0 2 4
416 10000000 5 2 8
417 10000000 1 7 3
418 10000000 0 2 8
419 10000000 4 8 3
42 10000000 8 6 5
420 10000000 4 7 5
421 10000000 0 8 6
422 10000000 6 4 1
423 10000000 8 3 6
424 10000000 7 4 2
425 10000000 5 3 7
426 10000000 7 1 2
427 10000000 2 7 6
428 10000000 5 0 4
429 10000000 6 7 0
43 10000000 5 6 3
430 10000000 7 0 1
431 10000000 8 6 0
432 10000000 0 1 6
433 10000000 2 6 5
434 10000000 1 7 4
435 10000000 1 4 3
436 10000000 5 8 2
437 10000000 7 0 4
438 10000000 5 4 2
439 10000000 1 2 8
44 10000000 2 4 0
440 10000000 7 2 8
441 10000000 7 2 4
442 10000000 6 7 0
443 10000000 8 2 3
444 10000000 8 3 0
445 10000000 1 2 3
446 10000000 0 2 5
447 10000000 2 0 4
448 10000000 8 2 7
449 10000000 7 3 6
45 10000000 4 6 0
450 10000000 4 5 2
451 10000000 0 2 6
452 10000000 4 0 8
453 10000000 6 1 3
454 10000000 1 2 0
455 10000000 6 8 0
456 10000000 2 0 6
457 10000000 8 2 1
458 10000000 4 8 2
459 10000000 7 1 8
46 10000000 1 0 5
460 10000000 8 4 7
461 10000000 3 5 0
462 10000000 8 7 1
463 10000000 8 1 6
464 10000000 7 6 8
465 10000000 8 4 6
466 10000000 7 3 6
467 10000000 4 5 6
468 10000000 5 8 7
469 10000000 5 2 8
47 10000000 2 7 0
470 10000000 2 7 5
471 10000000 5 1 7
472 10000000 7 6 4
473 10000000 0 3 8
474 10000000 3 2 7
475 10000000 2 1 4
476 10000000 1 0 3
477 10000000 3 8 0
478 10000000 3 6 5
479 10000000 3 4 5
48 10000000 3 2 0
480 10000000 6 1 4
481 10000000 2 1 4
482 10000000 3 1 7
483 10000000 0 3 5
484 10000000 8 1 4
485 10000000 2 8 7
486 10000000 0 2 3
487 10000000 7 3 2
488 10000000 6 0 8
489 10000000 0 3 5
49 10000000 8 5 3
490 10000000 6 1 5
491 10000000 6 5 2
492 10000000 3 4 6
493 10000000 7 1 2
494 10000000 2 0 7
495 10000000 5 4 2
496 10000000 2 7 4
497 10000000 1 3 8
498 10000000 1 4 5
499 10000000 3 7 5
5 10000000 1 0 4
50 10000000 2 4 6
500 10000000 8 2 4
501 10000000 1 5 2
502 10000000 3 6 7
503 10000000 3 6 5
504 10000000 3 6 0
505 10000000 4 0 1
506 10000000 7 4 6
507 10000000 5 7 8
508 10000000 0 3 6
509 10000000 2 4 6
51 10000000 6 2 8
510 10000000 5 6 3
511 10000000 6 3 1
512 10000000 4 7 1
513 10000000 5 4 3
514 10000000 8 7 5
515 10000000 2 5 6
516 10000000 5 8 4
517 10000000 0 1 4
518 10000000 7 4 8
519 10000000 0 7 5
52 10000000 8 7 0
520 10000000 0 4 5
521 10000000 3 4 2
522 10000000 1 8 3
523 10000000 7 0 5
524 10000000 1 2 3
525 10000000 3 4 0
526 10000000 8 1 7
527 10000000 1 0 3
528 10000000 8 5 6
529 10000000 0 5 3
53 10000000 4 3 0
530 10000000 1 3 2
531 10000000 8 4 1
532 10000000 1 2 7
533 10000000 8 1 4
534 10000000 2 6 5
535 10000000 6 0 8
536 10000000 6 8 1
537 10000000 6 0 7
538 10000000 7 5 6
539 10000000 3 5 4
54 10000000 4 6 1
540 10000000 7 5 0
541 10000000 3 7 2
542 10000000 8 4 2
543 10000000 6 3 7
544 10000000 8 0 5
545 10000000 7 2 3
546 10000000 8 2 7
547 10000000 7 6 8
548 10000000 4 3 7
549 10000000 0 8 2
55 10000000 1 6 3
550 10000000 3 6 7
551 10000000 5 0 8
552 10000000 8 3 2
553 10000000 6 3 5
554 10000000 7 1 0
555 10000000 8 5 3
556 10000000 5 4 3
557 10000000 7 6 1
558 10000000 3 1 5
559 10000000 3 5 7
56 10000000 8 1 3
560 10000000 7 0 5
561 10000000 6 4 8
562 10000000 8 5 6
563 10000000 6 3 5
564 10000000 1 0 2
565 10000000 2 7 3
566 10000000 4 2 0
567 10000000 4 2 0
568 10000000 2 1 6
569 10000000 6 4 3
57 10000000 4 5 0
570 10000000 3 7 0
571 10000000 4 2 6
572 10000000 3 1 6
573 10000000 0 1 6
574 10000000 3 7 6
575 10000000 7 2 3
576 10000000 3 2 6
577 10000000 4 1 6
578 10000000 5 3 6
579 10000000 7 4 8
58 10000000 7 1 2
580 10000000 3 8 0
581 10000000 4 5 2
582 10000000 6 1 3
583 10000000 5 8 1
584 10000000 3 7 8
585 10000000 7 1 8
586 10000000 4 1 7
587 10000000 2 8 6
588 10000000 4 3 7
589 10000000 5 6 3
59 10000000 6 2 5
590 10000000 7 5 2
591 10000000 0 7 5
592 10000000 6 1 0
593 10000000 6 3 8
594 10000000 8 1 7
595 10000000 2 6 7
596 10000000 3 5 7
597 10000000 1 0 5
598 10000000 8 7 3
599 10000000 1 6 4
6 10000000 0 7 5
60 10000000 1 0 2
600 10000000 0 8 2
601 10000000 4 2 5
602 10000000 4 5 7
603 10000000 5 3 8
604 10000000 4 8 3
605 10000000 4 8 0
606 10000000 1 0 8
607 10000000 5 8 6
608 10000000 2 4 8
609 10000000 6 3 5
61 10000000 1 7 0
610 10000000 5 4 0
611 10000000 5 0 8
612 10000000 5 3 6
613 10000000 4 1 2
614 10000000 0 1 2
615 10000000 5 0 6
616 10000000 2 7 1
617 10000000 8 1 5
618 10000000 5 6 7
619 10000000 6 4 7
62 10000000 7 6 2
620 10000000 3 8 0
621 10000000 6 8 2
622 10000000 7 5 8
623 10000000 7 0 5
624 10000000 2 7 8
625 10000000 8 1 0
626 10000000 1 2 7
627 10000000 1 0 5
628 10000000 3 7 8
629 10000000 8 1 7
63 10000000 5 1 2
630 10000000 2 6 4
631 10000000 3 6 5
632 10000000 2 6 3
633 10000000 3 7 6
634 10000000 6 2 3
635 10000000 7 6 3
636 10000000 1 6 2
637 10000000 8 7 4
638 10000000 1 0 3
639 10000000 2 4 3
64 10000000 4 0 7
640 10000000 2 7 4
641 10000000 2 0 1
642 10000000 6 5 2
643 10000000 4 7 0
644 10000000 0 4 1
645 10000000 8 0 1
646 10000000 7 2 8
647 10000000 3 7 0
648 10000000 0 1 7
649 10000000 3 7 2
65 10000000 4 5 6
650 10000000 3 6 0
651 10000000 5 7 3
652 10000000 7 4 6
653 10000000 5 1 8
654 10000000 7 3 1
655 10000000 5 1 7
656 10000000 3 7 0
657 10000000 8 3 2
658 10000000 2 5 6
659 10000000 1 3 2
66 10000000 3 1 6
660 10000000 2 3 4
661 10000000 8 6 5
662 10000000 8 7 2
663 10000000 3 5 6
664 10000000 7 3 0
665 10000000 0 7 3
666 10000000 3 5 4
667 10000000 2 1 7
668 10000000 2 5 3
669 10000000 7 4 3
67 10000000 7 1 6
670 10000000 3 1 6
671 10000000 2 4 8
672 10000000 4 1 3
673 10000000 1 0 4
674 10000000 1 5 6
675 10000000 7 8 2
676 10000000 8 7 6
677 10000000 8 0 2
678 10000000 6 1 8
679 10000000 1 7 8
68 10000000 7 6 4
680 10000000 4 0 6
681 10000000 5 8 6
682 10000000 7 2 0
683 10000000 0 7 6
684 10000000 6 4 2
685 10000000 8 7 3
686 10000000 4 2 3
687 10000000 6 2 4
688 10000000 6 0 4
689 10000000 5 7 8
69 10000000 1 6 2
690 10000000 1 3 7
691 10000000 4 7 5
692 10000000 7 1 2
693 10000000 3 4 2
694 10000000 4 8 0
695 10000000 3 1 0
696 10000000 5 4 8
697 10000000 2 3 8
698 10000000 1 5 7
699 10000000 8 0 5
7 10000000 5 3 8
70 10000000 3 8 1
700 10000000 4 6 8
701 10000000 4 5 3
702 10000000 3 2 1
703 10000000 1 7 3
704 10000000 7 3 8
705 10000000 6 8 0
706 10000000 2 5 7
707 10000000 2 8 5
708 10000000 3 5 8
709 10000000 7 8 6
71 10000000 0 6 8
710 10000000 4 8 7
711 10000000 4 8 2
712 10000000 4 6 1
713 10000000 1 6 4
714 10000000 6 5 4
715 10000000 4 3 8
716 10000000 1 5 8
717 10000000 7 4 1
718 10000000 7 2 0
719 10000000 1 3 7
72 10000000 0 6 2
720 10000000 5 3 8
721 10000000 0 3 8
722 10000000 0 4 5
723 10000000 1 2 0
724 10000000 6 2 4
725 10000000 5 4 2
726 10000000 2 5 1
727 10000000 2 0 3
728 10000000 0 3 8
729 10000000 5 4 8
73 10000000 8 0 2
730 10000000 4 7 3
731 10000000 2 6 0
732 10000000 8 4 6
733 10000000 7 4 5
734 10000000 5 6 1
735 10000000 8 3 2
736 10000000 2 3 7
737 10000000 8 7 1
738 10000000 2 4 5
739 10000000 7 4 0
74 10000000 6 0 4
740 10000000 3 2 5
741 10000000 2 4 5
742 10000000 1 8 6
743 10000000 6 4 0
744 10000000 2 3 6
745 10000000 8 0 6
746 10000000 0 7 4
747 10000000 8 0 3
748 10000000 0 3 6
749 10000000 5 7 0
75 10000000 7 5 8
750 10000000 5 1 0
751 10000000 4 0 6
752 10000000 8 4 6
753 10000000 4 2 3
754 10000000 1 5 7
755 10000000 5 4 0
756 10000000 2 5 7
757 10000000 1 2 4
758 10000000 7 0 2
759 10000000 8 3 4
76 10000000 5 2 7
760 10000000 5 3 1
761 10000000 2 1 6
762 10000000 5 6 4
763 10000000 5 6 3
764 10000000 4 6 0
765 10000000 3 5 2
766 10000000 7 4 2
767 10000000 3 0 8
768 10000000 8 1 4
769 10000000 8 2 6
77 10000000 4 1 2
770 10000000 3 5 0
771 10000000 3 2 4
772 10000000 8 0 5
773 10000000 5 0 2
774 10000000 4 8 0
775 10000000 2 8 4
776 10000000 6 3 8
777 10000000 6 2 3
778 10000000 2 4 8
779 10000000 4 0 7
78 10000000 4 1 8
780 10000000 7 8 0
781 10000000 8 3 2
782 10000000 7 3 0
783 10000000 0 7 5
784 10000000 3 6 5
785 10000000 4 7 1
786 10000000 0 5 1
787 10000000 0 7 5
788 10000000 8 1 5
789 10000000 3 2 7
79 10000000 4 7 0
790 10000000 0 7 1
791 10000000 0 3 7
792 10000000 0 5 4
793 10000000 5 8 0
794 10000000 7 1 2
795 10000000 7 6 8
796 10000000 5 4 2
797 10000000 3 7 4
798 10000000 3 6 0
799 10000000 2 4 0
8 10000000 4 5 2
80 10000000 4 8 5
800 10000000 1 5 8
801 10000000 7 5 8
802 10000000 1 6 8
803 10000000 0 3 2
804 10000000 2 1 8
805 10000000 0 8 6
806 10000000 4 2 8
807 10000000 4 0 1
808 10000000 6 8 1
809 10000000 3 1 0
81 10000000 4 0 1
810 10000000 4 0 8
811 10000000 2 8 3
812 10000000 3 1 6
813 10000000 4 8 0
814 10000000 6 3 8
815 10000000 3 1 0
816 10000000 8 6 2
817 10000000 6 3 4
818 10000000 1 0 2
819 10000000 2 8 6
82 10000000 1 8 6
820 10000000 6 4 8
821 10000000 4 6 8
822 10000000 6 0 3
823 10000000 8 2 0
824 10000000 0 6 4
825 10000000 1 6 2
826 10000000 2 6 1
827 10000000 0 6 2
828 10000000 8 4 6
829 10000000 2 4 3
83 10000000 0 3 6
830 10000000 8 3 0
831 10000000 8 2 1
832 10000000 8 2 4
833 10000000 3 6 5
834 10000000 0 5 6
835 10000000 5 0 1
836 10000000 4 0 1
837 10000000 0 2 6
838 10000000 1 5 3
839 10000000 6 4 1
84 10000000 7 3 6
840 10000000 0 8 1
841 10000000 4 2 5
842 10000000 3 1 8
843 10000000 6 1 0
844 10000000 0 2 7
845 10000000 5 4 8
846 10000000 3 1 8
847 10000000 5 7 6
848 10000000 2 6 4
849 10000000 3 2 1
85 10000000 5 4 6
850 10000000 8 4 1
851 10000000 4 0 6
852 10000000 3 4 7
853 10000000 1 5 0
854 10000000 2 4 6
855 10000000 2 5 1
856 10000000 3 1 2
857 10000000 4 7 6
858 10000000 3 7 5
859 10000000 8 7 4
86 10000000 7 5 4
860 10000000 1 5 7
861 10000000 0 6 5
862 10000000 0 7 1
863 10000000 4 7 0
864 10000000 8 0 4
865 10000000 6 1 5
866 10000000 4 5 0
867 10000000 7 0 1
868 10000000 5 2 6
869 10000000 0 4 3
87 10000000 0 1 7
870 10000000 3 8 4
871 10000000 7 2 5
872 10000000 0 3 8
873 10000000 4 1 8
874 10000000 7 8 4
875 10000000 6 1 2
876 10000000 5 6 4
877 10000000 0 7 5
878 10000000 3 6 0
879 10000000 3 4 6
88 10000000 8 5 3
880 10000000 2 4 6
881 10000000 0 1 5
882 10000000 7 3 0
883 10000000 2 6 0
884 10000000 1 0 2
885 10000000 5 6 0
886 10000000 1 0 4
887 10000000 5 4 2
888 10000000 3 1 0
889 10000000 7 5 3
89 10000000 3 6 1
890 10000000 0 8 2
891 10000000 5 0 3
892 10000000 5 4 8
893 10000000 0 8 6
894 10000000 8 7 3
895 10000000 8 3 7
896 10000000 8 0 2
897 10000000 0 2 1
898 10000000 8 5 2
899 10000000 1 6 4
9 10000000 3 2 5
90 10000000 5 2 3
900 10000000 8 5 2
901 10000000 6 7 5
902 10000000 5 4 3
903 10000000 2 3 7
904 10000000 4 3 2
905 10000000 6 7 1
906 10000000 8 3 2
907 10000000 3 6 7
908 10000000 8 2 3
909 10000000 1 4 0
91 10000000 6 7 8
910 10000000 6 2 5
911 10000000 4 3 2
912 10000000 2 3 6
913 10000000 1 7 6
914 10000000 3 7 6
915 10000000 1 2 5
916 10000000 3 6 5
917 10000000 5 8 3
918 10000000 2 5 7
919 10000000 5 3 7
92 10000000 0 6 3
920 10000000 8 7 5
921 10000000 5 0 8
922 10000000 1 4 3
923 10000000 7 8 5
924 10000000 5 7 2
925 10000000 0 1 3
926 10000000 3 1 4
927 10000000 6 1 0
928 10000000 6 3 5
929 10000000 1 7 8
93 10000000 7 4 8
930 10000000 5 3 1
931 10000000 8 5 1
932 10000000 2 7 3
933 10000000 7 1 4
934 10000000 7 3 0
935 10000000 0 2 5
936 10000000 0 4 2
937 10000000 1 3 0
938 10000000 0 5 4
939 10000000 3 0 2
94 10000000 8 6 3
940 10000000 7 3 8
941 10000000 6 5 7
942 10000000 3 4 0
943 10000000 6 7 4
944 10000000 4 0 6
945 10000000 4 2 7
946 10000000 7 8 0
947 10000000 5 6 7
948 10000000 6 2 8
949 10000000 0 7 1
95 10000000 2 0 1
950 10000000 6 1 2
951 10000000 2 0 5
952 10000000 6 3 1
953 10000000 6 5 2
954 10000000 0 3 1
955 10000000 1 2 5
956 10000000 6 4 0
957 10000000 7 4 3
958 10000000 0 6 2
959 10000000 3 2 6
96 10000000 1 2 6
960 10000000 5 8 2
961 10000000 8 0 3
962 10000000 4 7 5
963 10000000 0 4 6
964 10000000 4 0 8
965 10000000 6 7 8
966 10000000 4 3 5
967 10000000 7 2 1
968 10000000 1 3 4
969 10000000 0 1 6
97 10000000 8 3 6
970 10000000 6 4 8
971 10000000 0 7 1
972 10000000 8 6 7
973 10000000 8 7 4
974 10000000 1 5 2
975 10000000 6 5 8
976 10000000 3 0 7
977 10000000 3 0 2
978 10000000 5 7 3
979 10000000 8 2 6
98 10000000 1 7 0
980 10000000 8 1 2
981 10000000 4 3 8
982 10000000 1 7 5
983 10000000 0 1 7
984 10000000 6 1 2
985 10000000 7 5 3
986 10000000 1 8 2
987 10000000 1 7 4
988 10000000 7 0 1
989 10000000 6 4 8
99 10000000 8 1 7
990 10000000 5 1 7
991 10000000 0 8 3
992 10000000 0 7 5
993 10000000 4 6 3
994 10000000 4 3 5
995 10000000 7 0 6
996 10000000 3 0 7
997 10000000 8 0 3
998 10000000 8 5 1
999 10000000 3 7 5
